0.0 0.09488148350077157
0.33388981636060105 0.09486266736816511
0.6677796327212021 0.09484283236643085
1.001669449081803 0.09482199365173791
1.3355592654424042 0.0948001661901227
1.669449081803005 0.09477736478061294
2.003338898163606 0.09475360407823778
2.337228714524207 0.0947288986169241
2.6711185308848084 0.09470326283227196
3.005008347245409 0.09467671108420962
3.33889816360601 0.09464925767952304
3.672787979966611 0.09462091689425693
4.006677796327212 0.09459170299598543
4.340567612687813 0.09456163026594809
4.674457429048414 0.09453071302104872
5.008347245409015 0.09449896563571401
5.342237061769617 0.09446640256360937
5.676126878130218 0.09443303835920765
6.010016694490818 0.09439888769920973
6.343906510851419 0.09436396540381276
6.67779632721202 0.09432828645782307
7.011686143572621 0.09429186603161183
7.345575959933222 0.09425471950191021
7.6794657762938225 0.09421686247244071
8.013355592654424 0.09417831079438284
8.347245409015025 0.09413908058666971
8.681135225375627 0.09409918825611345
9.015025041736227 0.09405865051735628
9.348914858096828 0.09401748441264532
9.68280467445743 0.0939757073314279
10.01669449081803 0.09393333702976528
10.35058430717863 0.09389039164956237
10.684474123539234 0.09384688973761103
11.018363939899833 0.09380285026444454
11.352253756260437 0.09375829264300073
11.686143572621036 0.09371323674709256
12.020033388981636 0.09366770292968214
12.35392320534224 0.09362171204095822
12.687813021702839 0.09357528544621294
13.02170283806344 0.09352844504351804
13.35559265442404 0.09348121328119648
13.689482470784643 0.09343361317508907
14.023372287145243 0.09338566832561289
14.357262103505846 0.09333740293461257
14.691151919866444 0.0932888418219973
15.025041736227047 0.09324001044216852
15.358931552587645 0.0931909349002316
15.69282136894825 0.0931416419679916
16.026711185308848 0.0930921590997327
16.36060100166945 0.09304251444777793
16.69449081803005 0.09299273687782944
17.028380634390654 0.09294285127946854
17.362270450751254 0.09289286415972585
17.696160267111853 0.09284277723891614
18.030050083472453 0.0927925921042818
18.363939899833056 0.09274231023636047
18.697829716193656 0.09269193303522914
19.03171953255426 0.09264146184661724
19.36560934891486 0.09259089798788966
19.69949916527546 0.09254024277389115
20.03338898163606 0.09248949754265187
20.36727879799666 0.09243866368094979
20.70116861435726 0.0923877426497241
21.03505843071786 0.09233673600933875
21.368948247078468 0.09228564544469045
21.702838063439067 0.09223447279015878
22.036727879799667 0.09218322005439351
22.370617696160267 0.09213188944493708
22.704507512520873 0.09208048339267638
23.038397328881466 0.0920290045761235
23.372287145242073 0.09197745594551707
23.706176961602672 0.09192584074674771
24.040066777963272 0.09187416254509585
24.37395659432387 0.09182242524878587
24.70784641068448 0.09177063313234791
25.04173622704507 0.09171879085978779
25.375626043405678 0.09166690350755881
25.70951585976628 0.09161497658733428
26.04340567612688 0.09156301606857731
26.377295492487477 0.0915110284009026
26.71118530884808 0.09145902053623083
27.045075125208687 0.09140699995073057
27.378964941569286 0.09135497466654341
27.712854757929883 0.09130295327329332
28.046744574290486 0.09125094494937357
28.380634390651093 0.09119895948301134
28.714524207011692 0.0911470072931058
29.048414023372285 0.09109509944983764
29.382303839732888 0.09104324769504768
29.71619365609349 0.09099146446238203
30.050083472454094 0.09093976289720208
30.38397328881469 0.09088815687625551
30.71786310517529 0.09083666102710788
31.051752921535897 0.09078529074733245
31.3856427378965 0.09073406222345487
31.719532554257096 0.0906829924496529
32.053422370617696 0.09063209924620765
32.3873121869783 0.09058140127770507
32.7212020033389 0.09053091807098727
33.0550918196995 0.09048067003284925
33.3889816360601 0.09043067846748275
33.7228714524207 0.09038096033590194
34.05676126878131 0.09033151210698126
34.390651085141904 0.09028232486642757
34.72454090150251 0.09023338950571448
35.058430717863104 0.0901846967519671
35.39232053422371 0.09013623719773614
35.72621035058431 0.09008800133065475
36.060100166944906 0.09003997956297
36.3939899833055 0.0899921622609543
36.72787979966611 0.08994453977417956
37.061769616026716 0.08989710246466111
37.39565943238731 0.08984984073585764
37.72954924874791 0.08980274506152902
38.06343906510852 0.08975580601444226
38.39732888146912 0.08970901429492607
38.73121869782972 0.08966236075926406
39.065108514190314 0.08961583644792674
39.39899833055092 0.08956943261363352
39.73288814691153 0.08952314074924524
40.06677796327212 0.08947695261547559
40.40066777963272 0.08943086026842494
40.73455759599332 0.0893848560869252
41.068447412353926 0.08933893279969687
41.40233722871452 0.08929308351230869
41.73622704507512 0.08924730173394092
42.07011686143572 0.08920158140394202
42.40400667779633 0.0891559169181827
42.737896494156935 0.08911030315519372
43.07178631051753 0.08906473550209008
43.405676126878134 0.08901920988027713
43.73956594323874 0.08897372277093016
44.073455759599334 0.08892827124025021
44.40734557595993 0.08888285296448714
44.74123539232053 0.08883746625472776
45.075125208681136 0.0887921100814481
45.40901502504175 0.08874678409882371
45.742904841402336 0.08870148866879367
46.07679465776293 0.08865622488487958
46.41068447412355 0.08861099459575109
46.744574290484145 0.08856580042854091
47.07846410684474 0.08852064581189896
47.412353923205345 0.08847553499879088
47.74624373956595 0.08843047308903243
48.080133555926544 0.08838546605156042
48.41402337228715 0.08834052074643499
48.74791318864774 0.08829564494657467
49.08180300500836 0.08825084735921951
49.41569282136896 0.08820613764711942
49.749582637729546 0.08816152644944884
50.08347245409014 0.08811702540244284
50.41736227045075 0.0880726440443982
50.751252086811355 0.08802838005301566
51.08514190317196 0.08798422785143016
51.41903171953256 0.08794018164314463
51.75292153589316 0.08789623544114825
52.08681135225376 0.08785238309692486
52.42070116861436 0.08780861832935472
52.75459098497495 0.08776493475349763
53.08848080133556 0.08772132590926146
53.42237061769616 0.0876777852899422
53.756260434056756 0.08763430637064092
54.09015025041737 0.08759088263654417
54.42404006677797 0.08754750761107141
54.75792988313857 0.08750417488387839
55.09181969949917 0.08746087813871718
55.425709515859765 0.08741761118114384
55.75959933222037 0.08737436796607514
56.09348914858097 0.08733114262518239
56.42737896494157 0.08728792949412617
56.761268781302185 0.08724472313962067
57.095158597662774 0.08720151838632786
57.429048414023384 0.08715831034357521
57.762938230383966 0.08711509443189334
58.09682804674457 0.0870718664093681
58.43071786310518 0.08702862239780772
58.764607679465776 0.0869853589087125
59.09849749582638 0.0869420728690511
59.43238731218698 0.0868987616468365
59.766277128547586 0.0868554230764953
60.10016694490819 0.08681205548403134
60.43405676126878 0.08676865771197562
60.76794657762938 0.08672522914412134
61.101836393989984 0.08668176973004028
61.43572621035058 0.08663828000937557
61.769616026711184 0.08659476113590832
62.103505843071794 0.08655121490139774
62.4373956594324 0.08650764375918386
62.771285475793 0.08646405084755936
63.10517529215359 0.08642044001289931
63.43906510851419 0.08637681583255066
63.772954924874796 0.08633318363747829
64.10684474123539 0.08628954953466206
64.440734557596 0.08624592042924495
64.7746243739566 0.08620230404642908
65.10851419031721 0.08615870895311684
65.4424040066778 0.08611514457929502
65.7762938230384 0.08607162123916008
66.110183639399 0.08602815015198126
66.44407345575961 0.08598474346270173
66.7779632721202 0.08594141426227442
67.1118530884808 0.08589817356663773
67.4457429048414 0.08585502079607975
67.77963272120202 0.08581195219216084
68.11352253756262 0.08576896378265955
68.44741235392321 0.08572605141007138
68.78130217028381 0.08568321076000501
69.11519198664442 0.08564043738947386
69.44908180300501 0.08559772675507248
69.78297161936561 0.08555507424103746
70.11686143572621 0.08551247518719045
70.45075125208682 0.08546992491675251
70.78464106844741 0.08542741876403459
71.11853088480801 0.08538495210199001
71.45242070116862 0.085342520369632
71.78631051752923 0.08530011909931029
72.12020033388981 0.08525774394383975
72.45409015025042 0.08521539070347926
72.787979966611 0.08517305535275758
73.12186978297163 0.08513073406713759
73.45575959933223 0.08508842324952182
73.78964941569282 0.08504611955658627
74.12353923205343 0.08500381992494477
74.45742904841401 0.08496152159714074
74.79131886477462 0.08491922214745445
75.12520868113522 0.08487691950753196
75.45909849749582 0.08483461199182252
75.79298831385643 0.08479229832282771
76.12687813021704 0.08474997765615407
76.46076794657763 0.08470764960536843
76.79465776293824 0.08466531426664757
77.12854757929883 0.08462297224322615
77.46243739565944 0.08458062466963068
77.79632721202003 0.08453827323570454
78.13021702838063 0.08449592021041281
78.46410684474124 0.0844535684654286
78.79799666110183 0.08441122149849799
79.13188647746244 0.0843688834565761
79.46577629382305 0.08432655915873524
79.79966611018364 0.08428425411884122
80.13355592654425 0.08424197456799293
80.46744574290484 0.0841997274767267
80.80133555926544 0.08415752057697796
81.13522537562605 0.0841153623838
81.46911519198665 0.0840732622168387
81.80300500834726 0.0840312302215576
82.13689482470785 0.08398927739021392
82.47078464106845 0.08394741558258177
82.80467445742904 0.08390565754641995
83.13856427378965 0.08386401693768579
83.47245409015024 0.08382250834048847
83.80634390651085 0.08378114373082944
84.14023372287144 0.08373992141245906
84.47412353923205 0.08369883598097115
84.80801335559266 0.08365788180447734
85.14190317195326 0.08361705305266717
85.47579298831387 0.08357634372576862
85.80968280467447 0.08353574768340886
86.14357262103506 0.08349525867336625
86.47746243739566 0.08345487036021142
86.81135225375627 0.08341457635383481
87.14524207011688 0.08337437023785212
87.47913188647748 0.08333424559788667
87.81302170283806 0.08329419604972288
88.14691151919867 0.08325421526732506
88.48080133555928 0.08321429701072135
88.81469115191986 0.0831744351537428
89.14858096828047 0.0831346237116161
89.48247078464107 0.08309485686840747
89.81636060100168 0.08305512900430734
90.15025041736227 0.08301543472275945
90.48414023372288 0.08297576887742175
90.8180300500835 0.08293612659896023
91.15191986644409 0.08289650332167142
91.48580968280467 0.0828568948099255
91.81969949916528 0.08281729718442858
92.15358931552586 0.08277770694830121
92.48747913188649 0.08273812101296436
92.8213689482471 0.08269853672383601
93.15525876460768 0.08265895188582602
93.48914858096829 0.0826193647886317
93.82303839732887 0.08257977423182943
94.15692821368948 0.08254017954975425
94.49081803005008 0.08250058063617052
94.82470784641069 0.08246097796872372
95.15859766277129 0.08242137263317285
95.4924874791319 0.08238176634740307
95.82637729549248 0.0823421614852078
96.16026711185309 0.08230256109984282
96.4941569282137 0.08226296894735052
96.8280467445743 0.08222338950964386
97.1619365609349 0.08218382801735598
97.49582637729549 0.08214429047244623
97.8297161936561 0.0821047836705623
98.16360601001672 0.08206531522315692
98.4974958263773 0.0820258935793555
98.83138564273791 0.08198652804756931
99.1652754590985 0.08194722881685992
99.49916527545909 0.08190800697804272
99.8330550918197 0.08186887454453656
100.16694490818028 0.08182984447295091
100.5008347245409 0.08179092747411207
100.8347245409015 0.08175212197764489
101.1686143572621 0.08171342303567591
101.50250417362271 0.08167482545389435
101.83639398998329 0.08163632382059513
102.17028380634392 0.0815979125356255
102.50417362270453 0.08155958583924033
102.83806343906512 0.08152133784085001
103.17195325542573 0.0814831625476685
103.50584307178632 0.08144505389325121
103.83973288814693 0.08140700576591575
104.17362270450752 0.08136901203704852
104.50751252086812 0.08133106658928513
104.84140233722871 0.08129316334456423
105.17529215358933 0.08125529629205068
105.5091819699499 0.0812174595159213
105.84307178631052 0.08117964722300935
106.17696160267111 0.08114185377030553
106.51085141903172 0.08110407369230759
106.84474123539232 0.08106630172821574
107.17863105175292 0.0810285328489718
107.51252086811351 0.08099076228413225
107.84641068447414 0.08095298554857693
108.18030050083475 0.08091519846904578
108.51419031719534 0.08087739721049717
108.84808013355594 0.08083957830229101
109.18196994991654 0.08080173866418326
109.51585976627715 0.08076387563213669
109.84974958263773 0.08072598698393703
110.18363939899834 0.08068807096461252
110.51752921535893 0.0806501263116573
110.85141903171953 0.0806121522800473
111.18530884808013 0.08057414866705108
111.51919866444074 0.08053611583682957
111.85308848080135 0.08049805474482022
112.18697829716194 0.08045996696190577
112.52086811352252 0.08042185469835943
112.85475792988314 0.08038372082756559
113.18864774624376 0.0803455689095153
113.52253756260437 0.08030740321406915
113.85642737896497 0.08026922874398612
114.19031719532555 0.08023105125771755
114.52420701168616 0.08019287729195951
114.85809682804677 0.08015471418396616
115.19198664440735 0.08011657009361628
115.52587646076793 0.08007845402523273
115.85976627712856 0.08004037584915386
116.19365609348914 0.08000234632305378
116.52754590984975 0.07996437711300675
116.86143572621036 0.07992648081429564
117.19532554257096 0.07988866817271849
117.52921535893155 0.0798509392849088
117.86310517529215 0.07981329128111204
118.19699499165276 0.07977572104691512
118.53088480801334 0.07973822525161658
118.86477462437396 0.07970080037651053
119.19866444073458 0.07966344274307634
119.53255425709517 0.07962614854106947
119.86644407345575 0.07958891385651083
120.20033388981638 0.07955173469957023
120.53422370617697 0.0795146070323417
120.86811352253756 0.07947752679649858
121.20200333889818 0.07944048994083411
121.53589315525876 0.07940349244867873
121.86978297161937 0.07936653036518504
122.20367278797997 0.0793295998244863
122.53756260434056 0.07929269707671581
122.87145242070116 0.07925581851488467
123.20534223706177 0.07921896070161674
123.53923205342237 0.07918212039573434
123.87312186978296 0.07914529457868796
124.20701168614359 0.07910848048083025
124.54090150250418 0.07907167560752974
124.8747913188648 0.07903487776511577
125.20868113522538 0.07899808508665318
125.542570951586 0.07896129605754534
125.87646076794658 0.07892450954095971
126.21035058430718 0.07888772480306624
126.5442404006678 0.07885094153809498
126.87813021702839 0.0788141598932045
127.21202003338897 0.07877738049315068
127.54590984974959 0.07874060446476502
127.87979966611017 0.07870383346123062
128.21368948247078 0.07866706968615067
128.54757929883138 0.0786303159174126
128.881469115192 0.07859357553084236
129.21535893155257 0.07855685252363902
129.5492487479132 0.0785201515375972
129.8831385642738 0.07848347788210727
130.21702838063442 0.07844683755693135
130.55091819699499 0.07841023727475163
130.8848080133556 0.07837368448349166
131.2186978297162 0.0783371873884066
131.5525876460768 0.07830075497393349
131.88647746243743 0.07826439702530909
132.220367278798 0.07822812414994779
132.5542570951586 0.07819194779857376
132.88814691151921 0.0781558802861117
133.2220367278798 0.07811993481233384
133.5559265442404 0.07808412548225027
133.889816360601 0.0780484639292008
134.2237061769616 0.07801294872760187
134.5575959933222 0.07797757488013762
134.8914858096828 0.07794233713946683
135.22537562604342 0.07790723003726265
135.55926544240404 0.07787224791316766
135.8931552587646 0.0778373849436545
136.22704507512523 0.07780263517079691
136.56093489148583 0.07776799253094334
136.89482470784642 0.07773345088328108
137.22871452420705 0.07769900403829899
137.56260434056762 0.07766464578613633
137.8964941569282 0.07763036992481182
138.23038397328884 0.07759617028833675
138.5642737896494 0.07756204077469889
138.89816360601003 0.07752797537371639
139.2320534223706 0.0774939681947583
139.56594323873122 0.07746001349432462
139.89983305509182 0.0774261057034841
140.23372287145241 0.07739223945516112
140.56761268781304 0.07735840961127088
140.90150250417364 0.07732461128970167
141.23539232053423 0.0772908398911281
141.56928213689483 0.07725709112566258
141.90317195325545 0.07722336103933923
142.23706176961602 0.07718964604041764
142.57095158597664 0.07715594292551127
142.90484140233724 0.07712224890553548
143.23873121869784 0.07708856163146326
143.57262103505846 0.07705487921989339
143.90651085141903 0.07702120027842636
144.24040066777962 0.07698752393083509
144.57429048414022 0.07695384984204022
144.90818030050085 0.07692017824287503
145.24207011686144 0.07688650995464363
145.575959933222 0.07685284641346202
145.90984974958263 0.07681918969438735
146.24373956594326 0.07678554253532453
146.57762938230385 0.07675190836071043
146.91151919866445 0.07671829130496943
147.24540901502507 0.0766846962357454
147.57929883138564 0.0766511287768945
147.91318864774627 0.07661759533124707
148.24707846410686 0.07658410310313293
148.58096828046746 0.07655066012065952
148.91485809682803 0.07651727525775492
149.24874791318865 0.07648395825596004
149.58263772954925 0.07645071974597695
149.91652754590984 0.0764175712689619
150.25041736227044 0.07638452529757206
150.58430717863106 0.07635159181155556
150.91819699499163 0.07631876754251453
151.25208681135226 0.07628604556392789
151.58597662771285 0.07625341865580756
151.91986644407348 0.07622087933460604
152.25375626043407 0.07618841988305462
152.58764607679467 0.07615603237991676
152.92153589315527 0.07612370872965633
153.25542570951586 0.07609144069201768
153.5893155258765 0.07605921991150928
153.92320534223705 0.0760270379467915
154.25709515859765 0.07599488629995384
154.59098497495827 0.07596275644568956
154.92487479131887 0.07593063986035462
155.25876460767947 0.07589852805090655
155.59265442404006 0.07586641258372187
155.9265442404007 0.07583428511328716
156.26043405676126 0.07580213741075251
156.59432387312188 0.07576996139235256
156.92821368948248 0.07573774914768364
157.2621035058431 0.0757054929678317
157.59599332220367 0.07567318537335306
157.9298831385643 0.07564081914209389
158.2637729549249 0.07560838733685463
158.59766277128548 0.07557588333288237
158.9315525876461 0.07554330084519877
159.26544240400668 0.07551063395575211
159.59933222036727 0.07547787714038813
159.9332220367279 0.07544502529564018
160.2671118530885 0.07541207376533401
160.6010016694491 0.07537901836699443
160.9348914858097 0.07534585541806274
161.26878130217028 0.07531258176191287
161.60267111853088 0.07527919479366062
161.9365609348915 0.07524569248576897
162.2704507512521 0.07521207341344255
162.60434056761267 0.07517833677980304
162.9382303839733 0.0751444824408495
163.27212020033392 0.07511051093019692
163.6060100166945 0.07507642348358792
163.9398998330551 0.07504222206317444
164.2737896494157 0.07500790938157123
164.60767946577633 0.07497348892567367
164.9415692821369 0.07493896498023432
165.2754590984975 0.07490434265120291
165.6093489148581 0.07486962788882316
165.9432387312187 0.07483482751047965
166.2771285475793 0.07479994922330037
166.6110183639399 0.07476500164650901
166.94490818030047 0.07472999433351969
167.27879799666113 0.07469493685960019
167.6126878130217 0.07465983560967904
167.9465776293823 0.07462469584972177
168.2804674457429 0.07458952257885015
168.61435726210354 0.07455432055524959
168.9482470784641 0.0745190943219983
169.2821368948247 0.07448384823281465
169.61602671118533 0.07444858647772293
169.94991652754592 0.07441331310863117
170.28380634390652 0.07437803206481301
170.61769616026714 0.07434274719829849
170.95158597662774 0.07430746229916545
171.2854757929883 0.07427218112072392
171.61936560934893 0.07423690740459807
171.9532554257095 0.07420164490569713
172.28714524207012 0.07416639741706862
172.62103505843072 0.07413116879463717
172.95492487479132 0.0740959629818217
173.28881469115188 0.07406078403402283
173.62270450751254 0.07402563614298517
173.95659432387313 0.07399052366102615
174.29048414023376 0.07395545112512597
174.62437395659433 0.07392042328087754
174.95826377295495 0.07388544510629376
175.29215358931552 0.07385052183546782
175.6260434056761 0.07381565898207755
175.95993322203674 0.0737808623627397
176.29382303839733 0.073746138120205
176.62771285475793 0.07371149274638787
176.96160267111856 0.07367693310523436
177.29549248747915 0.07364246645542159
177.62938230383972 0.07360810047288084
177.96327212020037 0.07357384327314952
178.29716193656094 0.07353970343354416
178.63105175292154 0.07350569001514785
178.96494156928213 0.07347181258461699
179.29883138564279 0.07343808123579708
179.63272120200335 0.07340450661115194
179.96661101836395 0.07337109992299068
180.30050083472455 0.07333787297450571
180.63439065108517 0.07330483818060923
180.96828046744577 0.07327200858856346
181.30217028380636 0.07323939789841019
181.636060100167 0.0732070204831921
181.96994991652755 0.07317489140896039
182.30383973288818 0.07314302645457336
182.63772954924875 0.07311144213128029
182.97161936560934 0.07308015570208343
183.30550918196994 0.0730491852008853
183.63939899833056 0.07301854945141123
183.97328881469113 0.07298826709005486
184.30717863105173 0.07295835326591027
184.64106844741235 0.07292882206938024
184.97495826377298 0.07289968746723552
185.30884808013354 0.07287096332463891
185.6427378964942 0.07284266342707299
185.97662771285476 0.07281480150217418
186.31051752921536 0.07278739124145846
186.64440734557596 0.07276044632194757
186.97829716193658 0.07273398042768621
187.31218697829718 0.07270800727114496
187.64607679465774 0.07268254061451328
187.9799666110184 0.07265759429087187
188.31385642737897 0.07263318222524805
188.64774624373956 0.07260931845554164
188.98163606010016 0.0725860171533291
189.31552587646078 0.07256329264453677
189.64941569282138 0.07254115942997734
189.98330550918197 0.07251963220575329
190.31719532554257 0.07249872588352084
190.6510851419032 0.0724784556106094
190.9849749582638 0.0724588367899943
191.3188647746244 0.07243988510012554
191.65275459098496 0.07242161651459829
191.98664440734558 0.07240404732167305
192.32053422370618 0.0723871941436347
192.65442404006677 0.07237107395599465
192.9883138564274 0.07235570410652234
193.322203672788 0.0723411023341153
193.6560934891486 0.07232728678749922
193.98998330550916 0.07231427604374964
194.3238731218698 0.07230208912664371
194.65776293823038 0.07229074552483258
194.99165275459097 0.07228026520982823
195.32554257095157 0.07227066865381036
195.6594323873122 0.07226197684724656
195.9933222036728 0.07225421131631767
196.32721202003344 0.07224739414015835
196.661101836394 0.07224154796789663
196.9949916527546 0.0722366960354973
197.3288814691152 0.07223286218240817
197.66277128547583 0.07223007086799871
197.99666110183642 0.07222834718779972
198.330550918197 0.07222771688952767
198.66444073455762 0.0722282063889051
198.99833055091818 0.07222984278526777
199.3322203672788 0.07223265387695228
199.6661101836394 0.0722366681764718
200.0 0.07224191492547143
